-0.458333  0.0472223  0
-0.461111  0.238889  0
-0.416667  0.305556  0
-0.366667  0.241667  0
-0.361111  0.0666667  0
-0.241667  0.0638889  0
-0.238889  0.175  0
-0.194444  0.202778  0
-0.194444  0.238889  0
-0.238889  0.280556  0
-0.238889  0.313889  0
-0.216667  0.338889  0
-0.177778  0.372222  0
-0.119444  0.333333  0
-0.102778  0.288889  0
-0.105556  0.263889  0
-0.127778  0.25  0
-0.15  0.236111  0
-0.152778  0.205556  0
-0.119444  0.2  0
-0.0722222  0.152778  0
-0.0361111  0.197222  0
-0.00277776  0.186111  0
0.0138888  0.163889  0
0.00833333  0.133333  0
-0.00277776  0.1  0
-0.0416667  0.1  0
0.0833334  0.102778  0
0.180556  0.119444  0
0.255556  0.0833334  0
0.305556  0.0333333  0
0.411111  -0.0138889  0
0.419444  -0.0694444  0
0.194444  -0.0777778  0
0.197222  -0.116667  0
0.161111  -0.155556  0
0.0833334  -0.119444  0
0.0888889  -0.0805556  0
-0.197222  -0.0833333  0
-0.202778  -0.133333  0
-0.25  -0.155556  0
-0.305556  -0.158333  0
-0.330556  -0.0916666  0
-0.472222  -0.0944445  0
-0.461111  0.0444444  0
